355 17 13
400 9 17
1032 5 16
394 5 13
672 8 25
402 8 13
970 11 28
1240 8 34
554 5 28
694 8 34
682 11 10
574 17 25
1422 14 22
276 11 31
296 5 37
590 5 22
956 8 13
1424 11 34
780 17 22
914 17 22
616 14 22
1448 8 22
790 11 28
1460 11 31
858 8 34
866 8 13
1432 5 25
880 5 22
1400 14 19
1334 5 22
974 8 34
580 14 19
960 14 16
432 11 34
788 17 16
488 11 34
1074 5 37
614 8 37
1242 5 31
584 14 37
268 11 19
296 14 31
1184 14 25
1170 17 16
902 14 19
1150 14 22
1494 8 37
1258 17 25
1376 11 19
940 11 37
544 14 19
368 14 31
1224 8 22
880 5 10
1232 8 16
702 14 13
672 14 19
1246 14 25
470 11 19
864 17 34
1022 14 34
998 8 19
1010 17 37
912 17 34
1218 8 28
1186 17 28
678 5 28
534 17 37
848 14 22
396 11 34
1224 8 31
940 5 34
858 17 28
700 11 37
874 5 31
694 14 34
556 5 10
300 14 13
376 5 10
1350 11 22
1386 11 22
1388 14 10
1074 17 31
1234 17 37
418 11 19
950 8 13
404 17 19
362 8 13
1404 5 19
326 11 19
380 14 13
460 11 13
528 11 10
748 11 22
778 8 25
1450 11 16
822 11 10
250 14 22
1136 5 16
896 11 16
1372 5 13
1236 11 16
776 11 19
640 14 37
1142 5 25
1228 8 31
1464 14 19
414 17 19
1148 8 22
1020 14 10
1054 17 25
842 5 25
658 8 19
966 14 28
820 8 37
802 8 10
1186 14 34
954 14 37
334 8 13
362 17 25
1126 14 10
1182 17 19
594 11 13
1478 5 19
1012 14 10
416 14 13
454 8 19
1326 8 37
862 14 28
610 5 16
590 8 31
1110 5 16
1342 14 34
1252 8 31
298 14 25
646 14 13
1322 5 25
1284 11 22
1022 11 37
870 8 13
1254 11 31
1040 5 37
768 11 31
1038 17 25
1264 5 25
1368 11 28
1376 5 22
868 14 28
640 14 22
1444 17 13
1234 8 25
360 14 34
500 8 25
882 5 10
910 14 25
516 14 10
506 17 37
428 5 28
730 17 34
954 14 19
654 5 37
706 11 31
1092 11 10
1492 5 16
1426 14 34
666 8 22
1018 11 31
960 11 25
1492 11 31
588 17 13
528 17 34
1170 17 28
922 11 13
1378 17 10
1134 8 16
1182 8 19
1102 5 19
1404 8 34
746 17 13
1114 8 19
786 5 16
1482 17 31
634 17 16
290 11 16
758 14 37
646 17 22
348 5 34
1194 11 16
640 11 31
788 11 10
752 11 10
1432 5 37
1452 17 28
1118 5 22
1076 14 34
278 11 34
1440 8 13
936 8 13
1380 8 16
830 17 10
1260 17 34
1266 17 28
688 17 34
414 17 25
560 11 10
904 14 22
600 17 19
632 14 28
526 11 28
1382 5 34
422 14 31
1464 5 37
716 17 25
1046 11 16
1278 11 19
1254 8 10
892 14 16
1362 17 25
504 17 25
856 5 13
630 17 19
1214 8 22
982 5 34
1300 17 19
634 17 28
886 11 28
1498 5 10
1358 5 13
326 11 16
1370 14 31
1482 8 19
1180 8 37
1334 14 22
358 11 25
400 8 16
824 14 22
1064 8 37
1230 11 22
1172 8 25
1280 14 13
1420 11 34
708 8 31
504 11 10
426 8 28
760 5 13
654 14 19
928 11 22
888 14 34
334 8 31
464 14 10
802 11 34
1184 5 34
878 8 19
270 5 16
350 17 16
1252 8 22
346 14 10
1448 14 10
1334 8 34
452 11 19
1350 14 10
1180 14 28
806 11 13
438 17 19
1140 14 34
260 11 13
1490 11 28
946 11 10
1474 5 37
1258 17 19
766 17 25
1056 17 13
1050 11 37
498 11 34
1324 8 13
1482 11 13
730 17 13
758 11 19
1408 5 34
486 11 28
1152 14 19
1118 5 37
1444 17 25
878 17 25
392 14 19
352 11 16
436 11 37
836 11 13
810 5 37
1490 17 25
716 8 28
1406 14 19
416 11 16
858 5 31
436 8 19
760 11 31
324 11 31
1206 11 16
634 14 28
1354 11 34
718 14 28
1152 14 13
550 5 31
1202 11 19
588 14 28
598 17 37
910 8 34
896 8 22
270 14 19
792 17 22
1380 14 25
1274 5 31
1132 8 13
838 14 19
1036 14 10
836 14 37
1436 8 37
1372 14 13
828 17 31
492 8 22
1002 17 16
1448 5 13
1312 17 37
1498 14 16
1170 11 16
1320 11 16
654 17 37
850 14 22
764 5 34
268 8 19
448 11 16
312 8 25
970 8 34
1274 14 16
1144 11 13
346 11 16
284 17 25
610 8 25
662 11 31
1272 5 25
1218 8 19
536 5 25
1330 5 19
470 5 16
754 11 19
310 14 22
1426 11 13
982 8 28
960 14 13
952 14 28
1490 17 16
290 17 34
704 17 34
1186 14 31
478 8 31
1274 8 16
330 17 22
1124 8 16
1460 14 37
362 8 25
906 14 31
274 14 13
804 11 31
658 14 31
344 17 19
824 5 25
960 14 34
1028 14 10
726 5 28
600 11 37
726 5 19
330 17 31
1198 11 13
1122 17 28
638 5 37
656 8 10
680 11 22
790 17 16
352 5 16
446 17 10
454 17 28
1208 14 19
286 14 31
1270 8 34
612 17 13
688 11 28
1088 11 25
1144 17 16
524 14 37
412 5 31
678 5 34
368 17 10
826 11 25
1476 14 37
1072 14 22
1282 5 28
1494 17 13
476 11 22
622 17 34
938 14 37
1062 5 28
920 17 10
460 17 31
1044 17 37
1330 14 28
812 5 28
712 8 31
668 5 34
638 11 13
616 14 22
954 17 13
1370 17 22
604 17 25
1280 17 37
676 17 10
934 11 37
538 14 28
774 17 19
632 8 34
648 11 13
772 17 34
1484 17 10
304 17 25
1274 11 37
960 17 16
636 11 10
1446 11 13
1200 17 25
390 17 22
1348 14 16
468 11 34
456 11 13
616 14 19
792 14 31
300 17 28
642 8 10
862 17 31
690 5 19
640 14 37
602 14 31
934 11 13
1468 5 28
534 14 34
1468 8 34
564 8 31
680 8 13
388 17 19
1132 11 10
1162 8 37
340 11 28
1476 8 16
600 14 28
486 14 19
1160 11 34
818 11 34
462 11 37
1208 11 13
1406 14 34
1100 11 31
504 17 19
530 14 37
976 17 31
674 5 19
1000 14 31
546 14 16
1314 8 13
1454 17 22
302 5 37
308 8 25
1246 17 34
1334 14 31
1096 11 19
994 11 19
1466 17 10
828 5 25
314 5 10
1354 14 25
1284 14 37
1410 14 34
1254 8 28
514 8 16
838 11 34
1486 8 31
1110 5 31
550 5 25
1090 11 31
752 17 16
820 5 16
368 17 13
428 14 22
466 14 13
282 5 10
406 14 28
384 17 34
790 17 37
734 8 25
494 5 10
924 17 37
340 11 19
1354 8 10
896 14 16
420 11 13
1324 11 28
858 5 13
828 14 28
962 17 19
1238 17 37
278 5 31
1418 8 16
296 14 34
1004 11 31
682 5 22
254 8 10
1176 17 31
1078 14 31
1156 17 10
290 11 13
1128 14 31
1248 14 10
552 8 31
1454 14 13
1492 5 22
660 5 28
300 5 13
624 14 37
1264 5 22
1132 11 37
1356 11 28
1186 5 25
416 14 28
1048 11 10
1208 8 19
1334 8 19
504 17 16
496 5 31
468 5 10
672 8 13
1178 5 28
942 17 22
880 17 37
1204 14 16
982 11 31
1076 5 37
472 5 37
1208 11 16
620 5 22
272 17 37
854 5 31
1474 14 16
752 11 13
1154 8 25
592 11 28
1266 5 34
1178 8 22
382 8 16
624 11 25
1214 8 22
940 17 19
1180 14 19
1430 5 16
652 17 34
428 14 10
822 14 19
800 17 31
378 5 28
1146 14 31
1420 14 25
1098 17 31
954 17 31
1112 17 13
330 14 16
1220 8 22
1086 8 10
790 11 22
442 11 10
674 8 10
1446 14 31
982 5 13
570 17 22
512 17 22
700 17 10
1452 11 16
408 17 31
890 14 28
1406 17 28
300 11 13
930 5 19
720 17 31
1262 11 31
590 17 22
316 17 19
1120 14 22
304 14 37
644 8 22
1370 17 28
546 11 31
350 14 22
1170 11 31
560 14 31
934 5 13
1394 17 31
828 17 19
732 17 28
312 5 10
918 11 22
1446 11 10
778 5 19
268 17 13
1132 11 13
774 11 31
1114 11 22
1026 5 28
924 5 16
490 5 34
548 5 31
920 5 25
284 17 31
1308 11 34
1332 11 22
1340 5 37
1054 17 16
852 11 19
636 14 37
426 11 13
1406 14 25
1206 8 37
584 8 13
1404 8 37
594 5 25
530 17 34
1382 5 25
502 17 22
1040 5 19
706 14 28
780 17 28
638 8 16
334 5 31
808 11 16
1390 14 13
322 11 28
1306 8 25
960 17 37
278 11 22
668 14 34
338 14 19
1072 14 28
1056 5 13
600 17 31
334 11 25
1092 8 28
408 17 37
676 14 16
564 14 31
490 5 19
1090 8 25
306 11 34
1274 8 16
678 17 34
488 11 22
266 17 25
624 11 13
546 11 34
544 5 28
580 5 37
1418 11 10
404 5 25
1014 14 16
774 8 37
860 14 28
266 5 28
402 17 37
1074 8 16
1176 5 31
1388 8 31
970 11 34
1128 5 37
266 14 10
1054 5 34
496 11 16
540 8 31
460 5 13
1388 5 37
1418 17 19
1126 8 25
570 5 22
752 11 13
492 14 19
1324 14 10
586 5 10
884 17 19
406 17 19
264 5 31
738 5 37
1484 5 13
520 11 10
1014 14 34
722 14 13
386 8 22
1458 17 16
1184 8 22
828 8 37
1300 8 31
1004 11 16
1290 14 25
1288 17 13
870 11 34
896 17 10
452 8 28
814 14 19
666 14 16
968 14 28
664 17 28
1438 5 25
1162 14 34
806 14 22
1298 8 13
1112 8 28
1304 8 31
308 17 31
1212 8 37
260 8 25
292 17 37
370 5 34
1036 8 34
586 17 22
528 17 10
978 17 10
1466 5 25
1208 5 34
692 5 34
560 14 10
1486 14 13
914 8 10
460 8 37
408 11 25
296 5 13
1094 11 25
1284 11 25
528 5 37
960 5 25
840 5 28
272 17 31
344 8 28
1148 5 31
1364 5 16
538 17 19
650 8 34
270 11 34
1354 5 37
698 8 10
1330 8 28
992 11 25
450 17 31
1472 11 28
1242 17 25
1442 8 25
444 11 37
1440 17 10
888 5 31
788 8 28
1148 14 28
284 14 19
314 11 34
962 11 31
968 5 16
1104 14 28
1090 14 16
1414 17 13
728 14 28
1134 11 28
822 5 28
1390 5 31
1248 14 34
762 8 19
476 14 34
1112 11 28
538 8 34
1146 8 28
722 8 37
492 11 28
430 14 19
1404 11 37
582 8 16
646 17 25
862 14 10
1112 14 22
1074 17 25
1018 17 19
382 5 22
1332 8 34
432 14 31
734 11 22
1434 8 31
954 17 10
880 5 37
1386 5 19
916 5 16
286 17 28
826 5 22
796 5 28
528 5 22
516 17 25
862 11 10
484 5 31
852 14 13
304 14 22
1408 17 22
292 11 19
364 11 10
452 5 19
532 8 22
1004 5 37
650 5 22
1268 11 34
1342 14 25
1210 11 13
668 14 22
1122 14 31
854 11 19
912 17 37
666 14 19
738 11 31
390 5 34
1486 8 31
1104 17 31
372 17 37
1372 14 16
1198 17 37
1026 11 25
1368 5 31
948 14 25
438 5 16
1288 5 13
872 17 19
1260 14 19
288 11 10
668 14 34
892 5 13
1446 11 37
816 5 28
420 14 22
334 11 13
346 11 22
1266 5 16
400 8 34
878 5 10
1018 8 10
296 8 10
254 17 25
1194 8 31
642 8 13
872 8 31
1478 14 28
1128 14 16
458 17 10
1488 8 28
688 14 19
1190 17 37
1070 5 37
592 11 13
1252 14 37
512 11 34
540 11 28
1154 5 10
1232 17 31
290 17 28
1332 17 22
892 11 37
1040 17 28
498 8 16
806 8 16
588 5 28
1130 14 13
406 17 10
444 14 25
1086 14 28
380 14 19
1314 17 22
1366 5 37
518 14 37
584 11 31
894 11 10
380 8 16
1048 5 22
902 11 22
678 17 28
362 17 31
728 14 13
938 8 28
976 8 16
1130 14 28
1404 14 19
718 14 25
308 5 16
1004 8 28
390 8 19
776 14 16
1072 11 10
536 14 31
1016 5 25
1452 5 13
412 5 34
632 17 22
768 14 16
326 17 19
694 11 34
254 17 22
546 11 22
952 11 10
596 14 22
434 5 19
1306 8 25
1008 11 25
1498 14 37
844 8 19
560 5 37
636 5 10
816 17 31
572 17 19
482 14 22
284 11 28
1484 8 19
1292 14 10
868 11 37
1242 5 22
268 8 37
1030 5 13
868 5 10
1384 14 19
952 8 28
1182 8 37
572 5 13
344 17 28
404 11 25
1322 8 10
604 8 37
872 17 22
1058 5 31
448 17 16
1122 11 16
534 17 10
1314 11 13
646 14 37
970 14 10
1390 5 10
956 14 19
1330 11 28
662 5 22
1126 8 10
832 14 34
318 17 10
1490 5 34
1096 14 34
1474 14 25
580 17 28
382 8 34
1224 17 22
1154 8 19
710 14 10
1276 11 16
312 8 25
1426 5 22
862 14 22
1308 17 34
430 8 31
776 14 34
952 17 37
502 8 16
1270 14 13
868 8 37
744 5 16
1272 17 25
808 5 37
1110 17 16
354 5 34
362 14 31
1258 5 16
310 11 22
1352 8 16
566 8 13
1402 14 22
532 17 13
1314 8 34
448 8 31
534 8 34
488 8 13
624 14 31
478 11 34
1376 8 10
1216 11 34
1054 14 34
532 5 22
1406 14 25
1152 17 22
604 5 10
674 5 22
394 17 31
1408 17 19
320 14 28
470 14 10